5713	21	1055	0	10.3060751	1	0	0	1	1	ncpi0	
5586	193	9652	0	10.09877968	1	1	1	1	0	1mu2p	
5463	14	724	2	10.01798153	1	0	1	1	1	decay-e	
5558	82	4146	0	10.00756741	1	0	1	1	0	decay-e	
5725	44	2216	0	9.94595623	1	0	0	1	1	ccpi0	
5694	7	379	2	9.656713486	1	0	0	1	0	ccpi+	
5204	141	7068	0	9.51731205	1	0	0	1	0	1mu1p	
5445	35	1789	1	9.495240211	1	1	1	1	0	1mu1p	
5762	150	7516	0	9.331962585	1	0	0	1	1	ncpi0	
5278	99	4997	0	9.310774803	1	0	0	1	0	1mu1p	
5726	44	2205	0	9.223620415	1	0	0	0	0	decay-e	
5929	21	1097	2	9.191448212	1	0	1	0	1	ccpi0	
5436	138	6936	0	9.168803215	1	1	1	1	0	1mu1p	
5497	103	5192	0	9.164223671	1	1	1	1	0	1mu1p	
5839	34	1704	1	9.150855064	1	1	1	1	0	1mu1p	
5482	3	152	1	9.072576523	1	0	1	1	1	ccpi0	
5921	17	880	0	9.027747154	1	1	1	1	0	1mu1p	
5935	9	491	2	9.020664215	1	0	0	0	0	decay-e	
5718	32	1608	2	9.008940697	1	1	1	1	0	1mu1p	
5598	78	3934	1	9.005286217	1	1	1	1	0	1mu1p	
5263	76	3801	0	8.990527153	1	0	0	1	0	1mu2p	
5384	125	6281	0	8.949409485	1	0	0	1	1	ccpi0	
5515	125	6259	0	8.920418739	1						
5332	52	2629	0	8.90763092	1	1	1	1	0	1mu2p	
5179	134	6706	1	8.89707756	1	0	0	0	0	delta-e	
5233	30	1515	0	8.859044075	1	1	1	1	0	1mu1p	
5823	171	8596	0	8.838172913	1	0	1	1	1	ccpi0	
5531	60	3039	0	8.823770523	1	1	1	1	0	1mu1p	
5179	144	7244	0	8.819374084	1	1	1	1	0	1mu1p	
5832	167	8374	0	8.803689003	1	1	1	1	0	1mu1p	
5179	181	9066	1	8.760818481	1	1	1	1	0	nc2p	
5153	109	5463	0	8.714387894	1	0	0	1	0	1mu1p	
5497	67	3378	3	8.708945274	1	0	1	1	0	nc2p+pi0	
5384	18	912	2	8.690218925	1	0	1	0	0	decay-e	"wrong vertex	 neutrino close"
5921	27	1398	0	8.649780273	1	0	0	1	0	1mu1p	
5708	0	39	0	8.639840126	1	1	1	1	0	1mu1p	
5331	170	8513	2	8.603358269	1	0	0	1	0	1mu1p	
5331	198	9924	1	8.586896896	1	0	0	1	0	1mu1p	
5478	45	2297	0	8.582838058	1	1	1	1	0	ccpi+	
5822	68	3434	0	8.582742691	1	0	0	1	0	1mu1p	
5694	8	420	0	8.577861786	1	0	0	1	0	1mu1p	
5208	95	4789	0	8.535147667	1	1	1	1	0	1mu1p	
5650	67	3377	2	8.529332161	1	1	1	1	0	1mu1p	
5525	55	2793	0	8.522620201	1	1	1	1	0	1mu1p	
5899	31	1567	0	8.496681213	1	1	1	1	0	1mu1p	
5433	158	7920	1	8.486113548	1	0	0	1	0	1mu2p	
5897	57	2895	0	8.484097481	1	1	1	1	0	1mu1p	
5523	7	361	0	8.465753555	1	1	1	1	0	1mu1p	
5128	34	1729	2	8.439478874	1	1	1	1	0	1mu1p	
5933	29	1459	0	8.414622307	1	1	1	1	0	nc2p	
5557	11	586	0	8.407465935	1	1	1	1	0	1mu1p	
5719	11	563	0	8.400300026	1	0	0	0	0	decay-e	
5891	52	2602	0	8.388315201	1	0	0	1	0	1mu2p	
5709	7	397	2	8.334353447	1	1	1	1	0	1mu1p	
5340	41	2067	0	8.314920425	1	0	1	1	1	ccpi0	
5822	15	766	0	8.311321259	1	1	1	1	0	1mu1p	
5923	4	241	0	8.295361519	1	0	0	1	0	1mu1p	
5709	105	5270	5	8.227210999	1	1	1	1	0	1mu1p	
5215	1	88	0	8.226231575	1	1	1	1	0	1mu1p	
5719	59	2997	0	8.194740295	1	1	1	1	0	1mu1p	
5339	55	2769	0	8.152155876	1	0	0	1	0	nc3p	
5272	5	266	0	8.137514114	1	1	1	1	0	1mu1p	
5136	14	724	0	8.126085281	1	0	0	1	1	ncpi0	
5425	15	778	2	8.084305763	1	1	1	1	0	1mu1p	
5167	25	1297	0	8.080973625	1	1	1	1	0	1mu1p	
5606	67	3385	1	8.068565369	1	1	1	1	0	1mu1p	
5656	4	204	0	8.053194046	1	1	1	1	0	1mu1p	
5154	89	4469	0	8.028227806	1	1	1	1	0	1mu1p	
5151	142	7144	1	7.953265667	1	0	0	1	0	1mu2p	
5500	13	689	1	7.920679092	1	1	1	1	0	1mu1p	
5365	16	848	1	7.917424679	1	1	1	1	0	1mu1p	
5157	44	2235	0	7.874735832	1	1	1	1	0	1mu1p	
5331	58	2921	0	7.810496807	1	1	1	1	0	1mu1p	
5499	168	8444	0	7.767603874	1	0	0	1	0	1eX?	
5142	34	1721	0	7.76320982	1	1	1	1	0	1mu1p	
5946	11	568	1	7.748072624	1	0	0	1	0	1mu1p	
5128	25	1267	1	7.745872021	1	0	1	0	0	decay-e	
5925	165	8274	2	7.713202953	1	1	1	1	0	1mu1p	nu+beam neutron?
5782	11	592	1	7.693678856	1	0	1	1	0	ccpi+	
5905	9	464	0	7.688161373	1	1	1	1	0	1mu1p	
5329	10	545	0	7.674695969	1	1	1	1	0	1mu1p	
5769	48	2430	2	7.65753746	1	0	1	1	0	1mu2p	
5214	14	728	0	7.595361233	1	0	0	1	0	1mu1p	
5444	44	2201	0	7.590815067	1	0	0	1	0	1mu1p	
5204	67	3366	0	7.579003811	1	1	1	1	0	1mu1p	
5179	156	7821	0	7.550554752	1	0	1	1	1	ccpi0	
5536	48	2430	1	7.511870384	1	1	1	1	0	1mu1p	
5147	8	402	0	7.505509377	1	1	1	1	0	1mu1p	
5151	191	9590	1	7.497308731	1	0	0	1	0	decay-e	
5767	151	7581	0	7.468747616	1	1	1	1	0	1mu1p	
5124	23	1186	1	7.456182957	1	0	0	1	1	ccpi0	
5519	146	7333	1	7.452654362	1	0	0	1	0	1mu1p	wrong vertex
5433	147	7362	0	7.400269985	1	0	1	1	0	1e1p	good for shower test
5823	230	11523	0	7.39722681	1	1	1	1	0	1mu1p	
5656	5	261	0	7.396457195	1	1	1	1	0	1mu1p	
5891	139	6999	0	7.365031719	1	1	1	1	0	1mu1p	
5832	16	836	0	7.34285593	1	1	1	1	0	nc2p	
5437	15	758	1	7.323032856	1	1	1	1	0	1mu1p	
5399	20	1011	0	7.319225788	1	1	1	1	0	1mu1p	
5845	22	1134	1	7.294139385	1	1	1	1	0	ccpi+	
5824	275	13759	2	7.28147316	1	0	0	0	0	1mu1p	
5470	50	2506	0	7.233715057	1	1	1	1	0	1mu1p	
5331	57	2863	1	7.211522102	1						
5368	110	5502	1	7.208776474	1	1	1	1	0	1mu1p	
5280	144	7210	1	7.162939072	1	1	1	1	0	1mu2p	
5177	16	849	0	7.141893387	1	0	1	1	0	nc2p	
5191	61	3056	0	7.124714851	1	1	1	1	0	1mu1p	
5280	33	1678	1	7.114605904	1	1	1	1	0	1mu1p	
5499	201	10061	0	7.109243393	1		1	1	0	1mu1p	
5938	40	2021	0	7.091307163	1	0	0	0	0	nc3p	
5504	11	576	0	7.044175148	1	0	0	0	0	decay-e	
5819	13	679	2	7.019711494	1	0	0	1	0	ncpi0	
5805	31	1573	0	7.0157094	1	1	1	1	0	1mu2p	
5528	43	2181	2	7.010063648	1	1	1	1	0	1mu1p	
5167	15	752	0	6.986114979	1	0	0	1	0	ccpi+	
5910	44	2225	0	6.984511375	1	1	1	1	0	1mu2p	
5512	86	4348	0	6.969630718	1	0	0	1	0	1mu2p	
5332	9	461	0	6.967255592	1	1	1	1	0	1mu1p	
5326	38	1944	1	6.964158058	1	1	1	1	0	1mu1p	
5462	99	4971	0	6.931369305	1	0	0	0	0	decay-e	
5933	9	489	0	6.927872658	1	0	1	0	0	decay-e	
5332	97	4888	1	6.926733494	1	1	1	1	0	1mu1p	
5731	3	198	0	6.924707413	1	0	0	0	0	nc3p	
5778	20	1012	1	6.906897068	1	0	1	0	0	decay-e	
5904	2	136	0	6.895811081	1	1	1	1	0	1mu1p	
5391	23	1176	7	6.884150505	1	0	0	0	0	ccDIS	
5333	99	5000	0	6.846302509	1	1	1	1	0	1mu1p	
5374	5	252	0	6.838572025	1	0	0	1	0	1mu1p	
5384	0	10	0	6.828478336	1	1	1	1	0	1mu1p	
5694	31	1597	0	6.81196785	1	1	1	1	0	1mu1p	or decay-e
5933	170	8513	0	6.798748016	1	1	1	1	0	1mu1p	
5823	198	9937	0	6.797319412	1	0	0	0	0	decay-e	
5929	66	3311	0	6.795885086	1	1	1	1	0	1mu1p	
5725	32	1604	1	6.769255638	1	0	1	0	0	decay-e	
5822	81	4073	0	6.751057625	1	1	1	1	0	1mu1p	
5522	20	1022	0	6.746531487	1	1	1	1	0	1mu1p	
5779	46	2345	0	6.731756687	1	0	1	1	0	nc4p	
5511	58	2939	0	6.730885029	1	1	1	1	0	1mu1p	
5929	78	3907	0	6.726656437	1	1	1	1	0	1mu2p	
5910	66	3309	0	6.726243496	1	1	1	1	0	1mu1p	
5384	192	9625	0	6.704307556	1	1	1	1	0	1mu2p	
5506	49	2488	1	6.693698406	1	0	0	1	0	1munp	
5462	30	1524	0	6.690002441	1	1	1	1	0	1mu1p	
5925	37	1875	0	6.682566643	1	1	1	1	0	1mu2p	
5720	32	1602	0	6.675055981	1	0	0	0	0	high E n	
5708	13	678	0	6.652815342	1	1	1	1	0	1mu1p	
5881	6	349	0	6.648992538	1	1	1	1	0	1mu1p	
5586	203	10181	0	6.647967339	1	0	0	0	1	"ccpi+	pi0"	
5361	202	10122	1	6.638706684	1	1	1	1	0	1mu1p	
5937	6	343	0	6.638164997	1	1	1	1	0	1mu1p	
5370	0	19	1	6.635083199	1	1	1	1	0	1mu1p	
5459	186	9326	0	6.625596523	1	1	1	1	0	1mu1p	
5879	37	1887	0	6.592096329	1	0	0	1	1	ncpi0	
5719	81	4084	1	6.582256794	1	1	1	1	0	1mu1p	
5412	113	5677	1	6.579691887	1	0	0	1	0	cc1p+pi+	
5564	0	9	1	6.574741364	1	1	1	1	0	1mu1p	
5709	90	4512	0	6.570530415	1	0	1	1	0	nc2p	
5451	17	894	0	6.566679955	1	0	1	1	0	1mu1p	
5654	30	1523	0	6.561721325	1	1	1	1	0	1mu1p	
5154	65	3256	2	6.561069489	1	0	0	0	1	ccpi0	
5340	57	2868	1	6.558524132	1	1	1	1	0	1mu1p	
5444	28	1446	0	6.547981739	1	0	1	0	0	decay-e	
5275	14	739	0	6.545110226	1	1	1	1	0	1mu1p	
5185	27	1354	1	6.534275055	1	0	0	1	0	1mu1p	
5382	57	2851	0	6.533159733	1	1	1	1	0	1mu1p	
5519	58	2930	1	6.528728962	1		1	1	0	1mu1p	
5204	150	7519	1	6.522665977	1	0	1	1	1	ccpi0	
5136	18	950	0	6.511013508	1	0	0	1	0	1mu1p	
5741	21	1096	0	6.503017902	1	1	1	1	0	1mu1p	
5411	129	6489	1	6.48577261	1	1	1	1	0	1mu1p	
5598	37	1898	0	6.460260391	1	1	1	1	0	1mu1p	
5444	20	1024	3	6.447449684	1	0	0	1	0	ccpi+	
5512	9	454	1	6.446731567	1	1	1	1	0	1mu1p	
5839	38	1941	0	6.446102619	1	0	0	0	0	decay-e	
5444	42	2148	1	6.437743187	1	0	0	1	0	1mu1p	
5340	81	4069	0	6.424265385	1	0	0	1	0	nc2p	
5382	99	4955	0	6.412851334	1	1	1	1	0	1mu1p	
5433	156	7849	0	6.406378746	1	0	0	0	0	decay-e	
5566	37	1863	0	6.399352551	1	1	1	1	0	1mu1p	
5896	32	1617	1	6.392317295	1	0	1	0	0	decay-e	
5208	11	558	0	6.388333321	1	1	1	1	0	1mu1p	
5778	27	1390	1	6.384413719	1	1	1	1	0	1mu1p	
5656	22	1148	2	6.36707592	1	0	0	0	0	1mu2p	
5937	11	555	1	6.365406513	1	0	0	1	0	nc3p	
5532	50	2502	1	6.338232994	1	1	1	1	0	1mu1p	
5824	39	1975	2	6.332535267	1	1	1	1	0	1mu1p	
5331	30	1509	2	6.331636906	1	0	0	1	0	1mu1p	
5280	39	1964	0	6.301160812	1	1	1	1	0	1mu1p	
5146	18	929	0	6.283098221	1	0	0	1	0	ncpi0	
5850	148	7433	0	6.274264812	1	0	0	1	0	1mu1p	
5364	165	8260	0	6.274063587	1	0	0	1	0	nc2p	
5906	111	5575	3	6.273721218	1	0	1	1	0	1mu2p	
5540	2	134	1	6.271190166	1	1	1	1	0	1mu1p	
5208	68	3415	1	6.261601448	1	0	0	1	0	1mu1p	
5729	80	4041	1	6.260544777	1	0	1	1	0	nc3p	
5730	30	1533	1	6.256829739	1		1	1	0	1mu1p	
5564	139	6969	0	6.252421379	1	1	1	1	0	1mu1p	
5170	4	239	0	6.246317863	1	0	1	1	1	ccpi0	
5204	57	2871	0	6.245601654	1	1	1	1	0	1mu1p	
5933	182	9141	0	6.219950199	1	0	1	0	0	decay-e	
5540	31	1582	0	6.212553501	1						
5850	15	785	1	6.210559845	1						
5906	130	6509	0	6.192737103	1						
5179	149	7488	0	6.187427998	1						
5445	57	2892	1	6.181025505	1						
5340	60	3013	0	6.174618244	1						
5340	47	2373	1	6.142697811	1						
5177	38	1929	2	6.141854763	1						
5164	28	1448	0	6.135677338	1						
5647	19	992	1	6.123788357	1						
5384	5	296	1	6.122589588	1						
5459	1	89	0	6.112712383	1						
5204	122	6145	0	6.104056358	1						
5489	35	1773	0	6.091817856	1						
5724	9	468	0	6.090522289	1						
5364	199	9975	0	6.068298817	1						
5783	30	1513	0	6.06125021	1						
5328	8	447	0	6.046411514	1						
5382	64	3243	0	6.033735275	1						
5758	1	78	1	6.021645546	1						
5525	45	2271	0	6.019480705	1						
5515	50	2513	0	6.016295433	1						
5340	57	2874	2	6.012635708	1						
5340	25	1280	0	6.005364418	1						
5719	80	4038	0	6.004348755	1						
5891	86	4302	0	6.004211903	1						
5906	143	7187	0	5.987887383	1						
5897	20	1042	1	5.983346939	1						
5459	169	8500	0	5.961295605	1						
5497	130	6525	2	5.95963192	1						
5586	143	7196	0	5.958712578	1						
5522	19	974	0	5.927816391	1						
5368	75	3762	0	5.924775124	1						
5532	16	842	0	5.920688152	1						
5808	111	5592	0	5.911421776	1						
5783	130	6522	0	5.90674305	1						
5437	25	1272	4	5.901101112	1						
5384	180	9039	0	5.898670673	1						
5463	6	331	2	5.894502163	1						
5155	100	5012	0	5.891222	1						
5776	5	257	0	5.890801907	1						
5762	20	1007	0	5.887648582	1						
5565	12	620	1	5.883342743	1						
5712	99	4951	0	5.881594658	1						
5531	64	3202	0	5.853491783	1						
5522	19	969	2	5.852823734	1						
5912	51	2586	0	5.834524155	1						
5519	93	4683	0	5.81986475	1						
5239	18	936	0	5.816871643	1						
5280	140	7020	1	5.815960407	1						
5930	62	3103	0	5.806548595	1						
5122	16	848	0	5.799321175	1						
5515	0	9	0	5.798096657	1						
5512	142	7102	1	5.797986984	1						
5558	15	771	0	5.796579361	1						
5705	103	5163	1	5.790970325	1						
5725	75	3793	0	5.779352188	1						
5695	22	1145	0	5.775697231	1						
5942	5	268	0	5.775088787	1						
5377	14	702	1	5.767498016	1						
5393	34	1703	0	5.765339375	1						
5437	64	3225	0	5.751488686	1						
5643	11	595	1	5.749072075	1						
5946	26	1336	0	5.742138863	1						
5912	101	5085	0	5.737277031	1						
5517	11	591	1	5.729195118	1						
5643	11	556	0	5.717921257	1						
5891	111	5571	0	5.71605587	1						
5331	100	5013	0	5.71480751	1						
5516	18	926	1	5.71261549	1						
5925	42	2123	1	5.704893589	1						
5168	24	1218	0	5.698354721	1						
5771	58	2937	0	5.681208611	1						
5463	21	1066	0	5.669230938	1						
5262	78	3945	0	5.667140007	1						
5527	12	604	1	5.666758537	1						
5849	5	251	2	5.665047646	1						
5809	10	517	0	5.664410591	1						
5705	116	5829	0	5.656158924	1						
5499	79	3963	1	5.655251503	1						
5905	41	2070	0	5.653457642	1						
5273	102	5147	1	5.653162003	1						
5515	105	5300	9	5.649590969	1						
5782	64	3230	0	5.649292469	1						
5541	58	2903	0	5.647206306	1						
5824	183	9172	0	5.642814636	1						
5519	77	3884	0	5.64266777	1						
5762	126	6309	0	5.613399982	1						
5733	57	2877	1	5.609775066	1						
5933	51	2574	1	5.583017826	1						
5823	67	3379	0	5.574519157	1						
5588	40	2006	0	5.572620869	1						
5606	75	3778	1	5.572142601	1						
5177	49	2465	3	5.567193031	1						
5527	1	77	0	5.567107677	1						
5409	10	507	3	5.564273834	1						
5208	13	679	0	5.561431408	1						
5765	19	963	3	5.546730042	1						
5501	36	1808	0	5.542464256	1						
5425	5	291	1	5.535615444	1						
5830	193	9671	0	5.530163765	1						
5281	38	1943	2	5.529185295	1						
5653	90	4501	0	5.521938801	1						
5819	268	13440	0	5.507521153	1						
5280	94	4723	1	5.500937939	1						
5804	149	7462	0	5.482196331	1						
5281	11	562	0	5.478975296	1						
5506	35	1774	0	5.450698376	1						
5203	38	1903	0	5.450476646	1						
5765	37	1862	1	5.449736118	1						
5824	42	2132	0	5.446462154	1						
5385	148	7409	0	5.444930077	1						
5779	38	1918	0	5.438529491	1						
5906	182	9125	1	5.438176155	1						
5918	1	90	0	5.423836708	1						
5937	36	1850	0	5.420131683	1						
5918	39	1992	2	5.413413048	1						
5557	4	234	1	5.409759998	1						
5154	67	3354	0	5.406942844	1						
5513	99	4999	0	5.405649185	1						
5509	32	1610	0	5.40097189	1						
5804	162	8105	0	5.399017334	1						
5695	12	628	0	5.382486343	1						
5930	67	3364	0	5.378770351	1						
5691	1	80	1	5.371346474	1						
5275	17	886	0	5.358632565	1						
5408	5	276	2	5.358007908	1						
5208	5	260	0	5.338402748	1						
5168	26	1303	1	5.326278687	1						
5204	136	6833	0	5.324118137	1						
5819	197	9854	0	5.323754787	1						
5512	74	3718	0	5.313735008	1						
5332	68	3438	0	5.311457634	1						
5885	3	176	0	5.303603172	1						
5819	256	12816	0	5.300093174	1						
5531	19	954	0	5.291627407	1						
5489	37	1899	0	5.276488781	1						
5564	163	8180	1	5.270355701	1						
5726	37	1866	0	5.262469292	1						
5509	9	460	3	5.261465073	1						
5154	186	9338	1	5.260257244	1						
5906	120	6049	0	5.24560833	1						
5497	118	5927	0	5.225971222	1						
5758	26	1316	0	5.225472927	1						
5519	45	2285	1	5.222931862	1						
5772	17	852	2	5.212812901	1						
5597	53	2688	0	5.210852146	1						
5151	183	9188	0	5.205394745	1						
5508	106	5307	0	5.195169926	1						
5331	138	6916	0	5.180029869	1						
5397	20	1010	1	5.16974926	1						
5384	128	6450	0	5.167086601	1						
5273	142	7122	3	5.16642189	1						
5933	23	1159	0	5.160140991	1						
5822	26	1344	0	5.14588356	1						
5478	40	2006	0	5.137277603	1						
5758	105	5256	0	5.13657856	1						
5339	7	387	2	5.134548664	1						
5598	108	5403	0	5.125227928	1						
5656	57	2854	0	5.118340492	1						
5906	50	2545	0	5.111766815	1						
5179	202	10129	0	5.107227802	1						
5583	15	800	1	5.104037762	1						
5710	51	2564	1	5.082921505	1						
5464	11	577	0	5.082418442	1						
5470	32	1643	0	5.080883026	1						
5397	30	1516	0	5.078662395	1						
5411	30	1506	0	5.077032089	1						
5478	27	1353	0	5.075376511	1						
5564	71	3596	1	5.074679375	1						
5204	58	2933	0	5.065674305	1						
5130	85	4252	3	5.058607101	1						
5275	68	3404	0	5.057436466	1						
5691	140	7027	0	5.056307316	1						
5368	131	6576	0	5.05510807	1						
5280	102	5124	0	5.043909073	1						
5778	16	809	2	5.042654514	1						
5564	128	6426	1	5.03555584	1						
5278	110	5540	0	5.032316208	1						
5229	13	695	2	5.031909943	1						
5385	34	1725	1	5.027181149	1						
5710	47	2370	1	5.023900032	1						
5204	142	7146	0	5.001395226	1						
5451	13	660	1	4.993213177	1						
5189	16	829	0	4.992393494	1						
5171	21	1056	1	4.987034321	1						
5501	24	1201	2	4.948670864	1						
5909	60	3013	0	4.948459148	1						
5895	0	9	1	4.946536064	1						
5832	50	2549	0	4.943060398	1						
5588	72	3606	1	4.941912174	1						
5518	18	910	0	4.933041096	1						
5146	56	2827	2	4.932069778	1						
5850	120	6033	0	4.931036472	1						
5459	149	7454	0	4.924769878	1						
5783	29	1484	0	4.924486637	1						
5525	3	159	0	4.920012474	1						
5155	54	2718	1	4.916829586	1						
5328	9	494	1	4.915149689	1						
5586	149	7463	1	4.914871693	1						
5730	13	672	3	4.914609909	1						
5280	145	7281	0	4.911344051	1						
5187	219	10961	0	4.902340889	1						
5155	118	5916	0	4.894914627	1						
5192	0	37	1	4.894804478	1						
5214	16	849	0	4.873176098	1						
5280	7	363	0	4.871282578	1						
5485	18	935	0	4.871271133	1						
5229	54	2717	0	4.853045464	1						
5782	96	4824	2	4.851484776	1						
5229	48	2411	0	4.851447105	1						
5332	106	5324	1	4.834225178	1						
5459	66	3330	0	4.834010601	1						
5892	54	2721	1	4.833738327	1						
5273	55	2785	0	4.83246994	1						
5214	79	3992	1	4.816017628	1						
5334	45	2268	0	4.799411774	1						
5525	0	26	0	4.792550087	1						
5204	102	5137	1	4.791940212	1						
5697	9	468	2	4.790176868	1						
5656	50	2535	0	4.785264969	1						
5513	22	1123	0	4.784515858	1						
5445	17	884	0	4.778418541	1						
5509	57	2865	2	4.775697708	1						
5827	113	5667	0	4.773143291	1						
5929	51	2597	1	4.772952557	1						
5724	11	586	0	4.769113541	1						
5512	24	1212	1	4.750395298	1						
5525	46	2306	2	4.748995304	1						
5128	3	198	0	4.747919559	1						
5127	71	3581	0	4.743583679	1						
5722	13	658	0	4.740630627	1						
5891	24	1225	0	4.731262207	1						
5397	11	581	0	4.730638027	1						
5368	79	3981	0	4.730241776	1						
5588	132	6603	0	4.705115318	1						
5824	91	4564	0	4.705009937	1						
5187	134	6736	0	4.70217514	1						
5487	86	4331	1	4.700233936	1						
5588	85	4264	0	4.693931103	1						
5891	24	1204	0	4.690941811	1						
5169	53	2662	0	4.68181324	1						
5445	10	540	0	4.680794716	1						
5557	14	736	1	4.680130959	1						
5850	95	4754	3	4.675416946	1						
5170	9	490	0	4.668924332	1						
5208	123	6156	0	4.666713715	1						
5371	14	721	0	4.661222458	1						
5650	3	196	0	4.661202908	1						
5214	64	3215	0	4.660394669	1						
5399	36	1811	3	4.660262108	1						
5512	87	4393	0	4.646277428	1						
5371	47	2387	3	4.638096333	1						
5929	103	5176	1	4.637010574	1						
5179	10	548	0	4.635117531	1						
5147	5	293	0	4.634274483	1						
5328	90	4519	0	4.629554749	1						
5332	136	6807	1	4.621966839	1						
5339	8	434	0	4.587848663	1						
5154	43	2155	1	4.587600231	1						
5906	130	6539	0	4.586508274	1						
5761	4	207	0	4.584994793	1						
5741	3	195	0	4.582727909	1						
5710	4	232	0	4.579458237	1						
5564	116	5838	0	4.56313467	1						
5385	129	6461	1	4.558273792	1						
5709	91	4563	0	4.555197239	1						
5910	76	3818	3	4.547789574	1						
5755	29	1498	0	4.546246529	1						
5946	71	3589	0	4.545908451	1						
5146	6	316	2	4.54325676	1						
5607	2	138	0	4.529836655	1						
5412	127	6384	0	4.511223316	1						
5155	89	4492	0	4.508210182	1						
5344	60	3015	0	4.496353149	1						
5940	22	1118	0	4.49239397	1						
5536	69	3486	0	4.49130249	1						
5385	51	2597	0	4.486495018	1						
5195	48	2402	0	4.480088711	1						
5154	25	1257	0	4.477377892	1						
5933	117	5853	0	4.475822449	1						
5606	77	3874	1	4.474650383	1						
5215	34	1734	0	4.471635818	1						
5899	44	2213	0	4.466426373	1						
5499	48	2432	1	4.463998795	1						
5187	95	4784	0	4.460525513	1						
5929	70	3505	0	4.458240509	1						
5208	105	5278	1	4.454740524	1						
5334	0	41	0	4.454740524	1						
5436	117	5851	0	4.453859329	1						
5155	142	7139	0	4.449465275	1						
5617	15	780	0	4.44797039	1						
5519	178	8920	1	4.442926884	1						
5328	8	423	1	4.440670967	1						
5519	185	9287	0	4.437995434	1						
5606	82	4137	1	4.437378407	1						
5437	59	2991	0	4.424081326	1						
5650	34	1738	0	4.419712067	1						
5767	207	10375	0	4.417706013	1						
5331	213	10668	0	4.416201115	1						
5371	24	1212	0	4.413924217	1						
5583	31	1595	0	4.411829472	1						
5273	137	6875	0	4.409162998	1						
5614	4	216	0	4.404833317	1						
5819	277	13852	1	4.402965546	1						
5588	7	366	0	4.394981384	1						
5726	35	1754	3	4.393770218	1						
5654	20	1014	0	4.392661572	1						
5208	122	6142	0	4.39074707	1						
5946	34	1702	1	4.384284496	1						
5929	73	3656	0	4.38403511	1						
5930	17	860	2	4.380948544	1						
5697	8	444	0	4.376446247	1						
5187	185	9272	0	4.375894547	1						
5719	84	4218	1	4.375083447	1						
5586	192	9650	0	4.37041235	1						
5462	24	1231	0	4.369627476	1						
5370	141	7073	0	4.351707935	1						
5729	19	966	0	4.349825859	1						
5509	24	1218	0	4.341799259	1						
5452	48	2439	1	4.339388371	1						
5499	127	6381	0	4.333669186	1						
5122	19	973	2	4.331337929	1						
5697	9	489	0	4.325185776	1						
5598	19	963	6	4.319047928	1						
5411	66	3329	0	4.313006878	1						
5588	3	164	2	4.310074329	1						
5540	79	3958	0	4.293703079	1						
5765	76	3811	1	4.281387806	1						
5495	31	1554	0	4.275495052	1						
5433	126	6303	0	4.275190353	1						
5331	153	7700	0	4.274104595	1						
5906	89	4462	0	4.273495674	1						
5586	82	4142	1	4.268070221	1						
5409	24	1240	1	4.259851456	1						
5233	135	6758	2	4.259600639	1						
5459	107	5395	0	4.258357048	1						
5513	95	4760	1	4.252077103	1						
5733	95	4782	0	4.250664234	1						
5138	5	286	0	4.247982502	1						
5710	64	3204	1	4.246752739	1						
5937	35	1799	0	4.24197197	1						
5501	23	1193	0	4.24087429	1						
5326	92	4625	0	4.240437984	1						
5262	79	3986	1	4.222027779	1						
5829	13	694	0	4.214312553	1						
5332	135	6789	0	4.214270592	1						
5525	60	3003	4	4.210370541	1						
5459	31	1578	1	4.209013462	1						
5155	27	1371	4	4.20025301	1						
5783	100	5010	1	4.199799061	1						
5203	6	335	0	4.190283298	1						
5921	68	3410	0	4.189912796	1						
5643	7	383	0	4.183784962	1						
5480	30	1539	1	4.165411472	1						
5710	6	346	0	4.163755417	1						
5370	49	2464	0	4.163602352	1						
5606	11	585	1	4.157246113	1						
5703	63	3172	1	4.156589985	1						
5155	129	6481	0	4.155580997	1						
5331	92	4627	0	4.149363995	1						
5541	73	3686	1	4.146276951	1						
5124	2	127	0	4.126282215	1						
5650	72	3637	0	4.122440338	1						
5830	226	11314	1	4.116933823	1						
5229	8	441	5	4.116599083	1						
5339	85	4288	0	4.114701748	1						
5194	20	1031	0	4.110715389	1						
5192	15	774	2	4.110106468	1						
5184	13	666	0	4.103365898	1						
5904	48	2440	0	4.09782362	1						
5921	141	7061	1	4.097723484	1						
5933	100	5047	1	4.090497971	1						
5331	159	7953	1	4.088940144	1						
5215	47	2371	0	4.0745368	1						
5765	79	3963	2	4.073857784	1						
5923	9	487	1	4.073675156	1						
5778	26	1325	1	4.070954323	1						
5656	3	183	1	4.070116043	1						
5691	110	5534	0	4.068051338	1						
5436	107	5368	0	4.057938099	1						
5195	40	2009	0	4.057857037	1						
5157	42	2116	1	4.053895473	1						
5331	64	3216	0	4.050096035	1						
5921	79	3967	1	4.04729414	1						
5508	130	6523	0	4.038855553	1						
5561	82	4108	0	4.037748814	1						
5497	19	971	0	4.032774925	1						
5464	5	277	1	4.031162739	1						
5499	139	6974	0	4.028837681	1						
5204	15	782	0	4.027871609	1						
5353	21	1079	0	4.02616787	1						
5778	11	598	0	4.020732403	1						
5564	99	4987	0	4.000345707	1						
5525	39	1973	1	3.994055033	1						
5204	91	4578	1	3.978716612	1						
5831	137	6874	0	3.972379446	1						
5161	7	373	0	3.971423388	1						
5208	39	1970	0	3.958003283	1						
5914	49	2460	1	3.947882891	1						
5411	92	4620	0	3.941134691	1						
5433	70	3541	0	3.935075521	1						
5895	23	1190	0	3.934164047	1						
5531	17	860	0	3.931872606	1						
5371	11	593	0	3.931107759	1						
5169	62	3113	0	3.92708683	1						
5474	45	2294	0	3.926341534	1						
5925	197	9880	0	3.924301863	1						
5810	97	4900	2	3.920713425	1						
5499	191	9587	1	3.915145636	1						
5526	12	636	0	3.904748917	1						
5382	45	2277	1	3.901022196	1						
5725	51	2554	1	3.900010109	1						
5508	10	502	0	3.898514271	1						
5703	4	239	0	3.888582706	1						
5515	132	6629	4	3.876905441	1						
5136	35	1788	0	3.869956493	1						
5203	61	3092	0	3.868225574	1						
5154	90	4544	0	3.860194206	1						
5540	32	1640	0	3.858023643	1						
5929	0	40	0	3.853651285	1						
5164	57	2885	1	3.845329762	1						
5385	127	6353	0	3.844601393	1						
5607	92	4612	0	3.841705084	1						
5332	92	4634	0	3.840058804	1						
5499	63	3167	0	3.836938858	1						
5712	80	4046	0	3.834089279	1						
5146	8	429	2	3.833269835	1						
5564	26	1335	1	3.825396538	1						
5353	28	1424	0	3.816335201	1						
5541	25	1266	1	3.802765369	1						
5783	37	1863	0	3.801088333	1						
5411	33	1671	1	3.797256231	1						
5653	63	3151	1	3.79227972	1						
5229	13	684	0	3.7750597	1						
5525	39	1980	0	3.774727106	1						
5339	43	2181	0	3.76787734	1						
5824	109	5495	0	3.76727128	1						
5509	52	2634	0	3.760084629	1						
5710	31	1552	0	3.751999617	1						
5896	16	810	1	3.74822402	1						
5478	9	459	0	3.742058516	1						
5912	77	3868	0	3.735960245	1						
5278	106	5335	0	3.732626915	1						
5909	59	2951	1	3.731271505	1						
5130	0	8	3	3.717865944	1						
5935	66	3343	3	3.717849255	1						
5445	53	2655	1	3.712071419	1						
5849	74	3731	1	3.710499525	1						
5328	40	2007	0	3.707706451	1						
5151	17	879	0	3.705034971	1						
5705	124	6227	2	3.704740763	1						
5181	9	468	2	3.70446825	1						
5783	2	125	0	3.703910828	1						
5906	34	1731	0	3.697486162	1						
5272	66	3310	0	3.688796997	1						
5459	88	4431	1	3.687198877	1						
5409	1	51	1	3.685334444	1						
5609	2	148	0	3.679389954	1						
5280	179	8967	0	3.675528049	1						
5425	31	1559	0	3.672597885	1						
5499	14	741	1	3.671807766	1						
5138	5	267	0	3.661840677	1						
5125	10	511	0	3.660553932	1						
5385	80	4010	0	3.657976389	1						
5459	207	10359	1	3.6560781	1						
5370	50	2514	1	3.654211998	1						
5726	36	1812	0	3.653329849	1						
5280	31	1553	0	3.650250912	1						
5229	64	3210	0	3.647204399	1						
5933	172	8637	0	3.640692472	1						
5826	39	1976	0	3.639343262	1						
5391	19	958	0	3.633514166	1						
5564	54	2736	0	3.630734444	1						
5170	26	1320	0	3.627348423	1						
5598	78	3918	1	3.618560076	1						
5617	8	440	1	3.616419315	1						
5374	6	318	0	3.60975337	1						
5767	101	5087	1	3.606267691	1						
5134	4	202	0	3.595966339	1						
5831	68	3401	0	3.595678568	1						
5462	26	1342	1	3.591682673	1						
5769	57	2874	0	3.586713076	1						
5169	187	9358	1	3.582905054	1						
5897	29	1490	0	3.57354641	1						
5169	10	504	0	3.573384047	1						
5280	127	6400	0	3.568211317	1						
5938	46	2324	0	3.559952736	1						
5519	173	8679	0	3.555130243	1						
5147	43	2195	0	3.549151659	1						
5229	62	3105	6	3.548621655	1						
5824	320	16042	0	3.547966719	1						
5489	45	2269	4	3.545755386	1						
5229	14	707	0	3.54319787	1						
5933	204	10231	0	3.531750202	1						
5824	167	8384	1	3.530284405	1						
5154	101	5060	0	3.527641773	1						
5272	77	3861	0	3.527085304	1						
5142	30	1542	1	3.523122311	1						
5583	22	1128	1	3.515461206	1						
5497	119	5996	0	3.501823664	1						
5769	51	2564	0	3.49852252	1						
5607	57	2873	0	3.497388363	1						
5411	190	9512	0	3.495754719	1						
5783	17	887	0	3.493911982	1						
5501	36	1805	1	3.492981195	1						
5151	37	1891	4	3.491473198	1						
5557	51	2567	1	3.486460447	1						
5906	169	8454	0	3.481862545	1						
5179	145	7271	0	3.461908579	1						
5832	35	1770	5	3.452662468	1						
5262	57	2882	1	3.446708441	1						
5328	82	4119	0	3.446141481	1						
5399	46	2310	0	3.445197582	1						
5832	113	5692	0	3.444392443	1						
5281	14	713	0	3.440598726	1						
5564	78	3916	0	3.439455032	1						
5650	73	3684	1	3.437577009	1						
5598	97	4899	0	3.434652805	1						
5184	7	362	0	3.432970285	1						
5765	25	1285	4	3.431952238	1						
5368	55	2779	0	3.42549181	1						
5540	5	300	1	3.418150187	1						
5384	125	6297	0	3.413303852	1						
5270	15	792	0	3.403440475	1						
5647	51	2553	0	3.395022154	1						
5606	43	2169	1	3.390247107	1						
5361	8	433	0	3.367963076	1						
5712	74	3743	1	3.365490913	1						
5507	23	1180	3	3.354825497	1						
5709	50	2518	0	3.351868629	1						
5462	113	5692	0	3.347138882	1						
5332	25	1257	1	3.345679283	1						
5155	35	1779	0	3.341563225	1						
5437	170	8538	0	3.336403847	1						
5155	138	6950	0	3.333634138	1						
5382	63	3193	0	3.317490816	1						
5499	89	4452	0	3.311883688	1						
5374	27	1393	1	3.30603981	1						
5730	28	1433	0	3.299860477	1						
5528	64	3211	0	3.297679663	1						
5169	154	7742	0	3.287163973	1						
5933	122	6104	1	3.280673742	1						
5328	29	1455	0	3.278481722	1						
5508	128	6439	1	3.272026062	1						
5906	85	4285	1	3.26987195	1						
5235	51	2566	0	3.269870996	1						
5397	41	2088	0	3.269343376	1						
5392	8	421	0	3.263307571	1						
5450	5	257	0	3.262600899	1						
5197	34	1735	0	3.25753212	1						
5719	59	2962	0	3.257475138	1						
5169	154	7748	2	3.256520271	1						
5363	11	576	0	3.255222797	1						
5177	27	1396	2	3.253997803	1						
5233	52	2632	0	3.246976614	1						
5515	48	2424	0	3.239927769	1						
5891	19	990	1	3.239335537	1						
5647	32	1638	0	3.237216949	1						
5769	53	2679	1	3.235120773	1						
5904	0	44	1	3.233381748	1						
5382	196	9809	0	3.230379581	1						
5598	80	4010	1	3.222712755	1						
5384	63	3179	0	3.220387459	1						
5541	55	2793	0	3.220139503	1						
5694	4	231	0	3.219260454	1						
5273	73	3694	0	3.218222857	1						
5211	30	1537	1	3.215252399	1						
5525	65	3268	0	3.21463418	1						
5561	45	2258	1	3.213604212	1						
5204	155	7788	2	3.213604212	1						
5528	38	1920	1	3.212005138	1						
5273	108	5428	0	3.209073305	1						
5517	15	761	1	3.202873945	1						
5374	39	1996	0	3.202291012	1						
5756	20	1048	0	3.198692799	1						
5935	44	2232	2	3.195134878	1						
5184	0	11	0	3.192738295	1						
5382	101	5084	0	3.187716484	1						
5354	22	1132	0	3.179903984	1						
5647	6	303	0	3.174879313	1						
5705	104	5223	1	3.174578905	1						
5726	64	3226	0	3.174018621	1						
5558	13	684	1	3.172834635	1						
5273	25	1251	0	3.157827139	1						
5517	10	522	0	3.151019573	1						
5710	7	368	0	3.150539637	1						
5845	18	938	0	3.150352001	1						
5822	57	2887	1	3.144397259	1						
5709	101	5099	0	3.141479015	1						
5391	17	862	0	3.140539885	1						
5146	23	1191	0	3.132760763	1						
5333	42	2112	0	3.119159222	1						
5932	24	1213	0	3.118073463	1						
5433	147	7400	2	3.11567831	1						
5656	33	1680	0	3.109864473	1						
5762	178	8920	0	3.101709604	1						
5758	61	3099	2	3.091484308	1						
5179	25	1255	1	3.088610172	1						
5695	15	790	5	3.084284306	1						
5653	30	1509	0	3.082539082	1						
5769	63	3200	1	3.079639196	1						
5497	86	4333	0	3.078561783	1						
5516	52	2627	0	3.078372955	1						
5767	208	10436	0	3.076111794	1						
5938	72	3623	0	3.07551074	1						
5462	106	5312	0	3.071851254	1						
5154	28	1403	1	3.065252066	1						
5204	30	1517	0	3.060441017	1						
5497	74	3747	0	3.059692621	1						
5598	4	223	0	3.055912018	1						
5262	80	4031	1	3.052554607	1						
5617	70	3547	2	3.037272692	1						
5437	111	5575	0	3.037182808	1						
5712	81	4058	0	3.034794807	1						
5187	186	9308	1	3.028688431	1						
5722	10	503	0	3.02807641	1						
5877	31	1560	0	3.019762754	1						
5617	39	1980	0	3.016094923	1						
5731	25	1277	1	3.014312506	1						
5154	149	7489	2	3.011241436	1						
5935	6	328	1	2.996372461	1						
5497	38	1917	1	2.991559982	1						
5512	158	7950	0	2.988828897	1						
5935	98	4915	1	2.988795519	1						
5916	37	1878	0	2.988024712	1						
5827	57	2887	0	2.987370491	1						
5557	130	6503	0	2.985984325	1						
5499	38	1916	2	2.97472024	1						
5897	52	2602	2	2.972275257	1						
5508	39	1999	3	2.971572161	1						
5370	119	5987	4	2.968795776	1						
5384	63	3193	0	2.967165709	1						
5586	127	6359	1	2.96677351	1						
5719	18	924	0	2.963168383	1						
5436	22	1118	0	2.960573435	1						
5418	39	1963	0	2.959731102	1						
5169	153	7696	0	2.958231688	1						
5125	3	186	1	2.953870773	1						
5433	153	7697	0	2.946647167	1						
5588	143	7174	1	2.943157911	1						
5691	6	312	2	2.942587137	1						
5824	224	11213	0	2.932364225	1						
5536	52	2632	0	2.929426908	1						
5558	77	3884	0	2.928074121	1						
5385	49	2472	0	2.926033974	1						
5823	269	13485	0	2.908532143	1						
5527	57	2894	0	2.896173716	1						
5946	29	1462	0	2.895191908	1						
5650	51	2590	0	2.892231464	1						
5151	17	873	0	2.888013124	1						
5385	136	6819	0	2.879822254	1						
5214	25	1291	1	2.876283169	1						
5157	113	5682	1	2.862042427	1						
5136	31	1563	0	2.85959053	1						
5331	28	1427	0	2.855932951	1						
5914	121	6051	0	2.853150606	1						
5281	59	2970	0	2.840582848	1						
5169	193	9684	0	2.834063292	1						
5822	54	2712	1	2.826721907	1						
5185	44	2203	7	2.825199604	1						
5394	58	2938	1	2.820956707	1						
5332	36	1802	0	2.816864967	1						
5819	179	8983	0	2.816756725	1						
5808	2	133	0	2.816118717	1						
5851	23	1181	0	2.816077471	1						
5382	69	3461	0	2.814203739	1						
5436	68	3422	1	2.813272953	1						
5179	184	9243	1	2.812918425	1						
5155	48	2416	0	2.812651396	1						
5211	37	1864	0	2.810113907	1						
5442	11	590	0	2.800043345	1						
5519	103	5184	0	2.793664932	1						
5499	9	470	0	2.791383028	1						
5344	56	2845	1	2.791005611	1						
5539	8	420	1	2.786786079	1						
5586	90	4511	1	2.786000252	1						
5364	17	894	3	2.781224489	1						
5824	88	4444	0	2.780705214	1						
5946	83	4186	1	2.775581121	1						
5877	11	572	0	2.775209904	1						
5588	53	2677	0	2.772483587	1						
5134	8	401	1	2.77191186	1						
5179	194	9729	0	2.770900965	1						
5513	61	3075	1	2.76847291	1						
5774	11	584	1	2.7646029	1						
5433	136	6832	0	2.762257099	1						
5885	5	257	0	2.762192488	1						
5566	12	646	0	2.752991676	1						
5203	58	2936	0	2.750944614	1						
5127	133	6675	0	2.747210741	1						
5655	6	320	1	2.74717474	1						
5512	18	940	0	2.747080803	1						
5384	79	3972	0	2.744688749	1						
5462	89	4498	0	2.744293213	1						
5586	150	7540	3	2.738117456	1						
5169	52	2636	0	2.737169743	1						
5694	32	1631	1	2.729517698	1						
5134	18	902	0	2.722912788	1						
5508	83	4168	1	2.712342501	1						
5128	16	842	1	2.711591244	1						
5390	31	1599	0	2.710685253	1						
5598	110	5530	0	2.708818197	1						
5451	10	513	2	2.708440304	1						
5804	173	8661	0	2.707382679	1						
5361	5	293	3	2.706681967	1						
5709	126	6344	0	2.705738783	1						
5598	22	1128	0	2.702032566	1						
5271	10	528	0	2.699030399	1						
5557	25	1285	1	2.694244623	1						
5399	28	1434	1	2.693208694	1						
5353	27	1353	1	2.68796587	1						
5761	7	400	0	2.684788704	1						
5765	37	1900	0	2.683862925	1						
5233	137	6868	0	2.682764053	1						
5497	5	263	0	2.678504944	1						
5339	11	583	0	2.674647808	1						
5322	11	583	0	2.673152208	1						
5557	43	2197	0	2.669113398	1						
5272	28	1419	0	2.667274714	1						
5758	68	3420	0	2.660394669	1						
5606	31	1584	0	2.653038025	1						
5839	20	1025	0	2.650863647	1						
5340	106	5306	0	2.6468153	1						
5762	63	3182	1	2.646362782	1						
5272	18	915	0	2.642221212	1						
5204	75	3765	3	2.63958025	1						
5499	42	2150	0	2.637831211	1						
5354	9	493	0	2.636631727	1						
5208	140	7043	0	2.632584572	1						
5501	54	2706	0	2.631352663	1						
5339	15	762	0	2.629126787	1						
5925	83	4168	1	2.626494169	1						
5607	58	2923	1	2.62062788	1						
5581	3	157	0	2.620451689	1						
5179	165	8279	0	2.620227337	1						
5516	85	4293	0	2.616621971	1						
5442	11	595	1	2.616516352	1						
5411	135	6756	0	2.614591837	1						
5933	202	10144	0	2.610985756	1						
5508	121	6086	2	2.608490705	1						
5531	2	104	0	2.606971264	1						
5377	39	1963	1	2.603559971	1						
5273	35	1795	0	2.5922122	1						
5512	17	883	0	2.59207654	1						
5589	71	3587	0	2.589231968	1						
5170	21	1096	0	2.5892272	1						
5910	43	2166	0	2.585787058	1						
5332	189	9482	0	2.584865808	1						
5519	58	2924	2	2.584699631	1						
5155	141	7063	1	2.579935312	1						
5332	88	4450	0	2.579434633	1						
5921	27	1377	0	2.577061415	1						
5489	47	2389	0	2.576785088	1						
5693	16	823	3	2.574021816	1						
5412	7	384	1	2.561761618	1						
5208	152	7612	0	2.559252739	1						
5366	30	1528	0	2.556991339	1						
5923	34	1712	1	2.552036524	1						
5726	93	4669	0	2.542578697	1						
5339	77	3881	0	2.542533636	1						
5758	115	5800	0	2.538703442	1						
5382	99	4978	0	2.538486004	1						
5929	31	1582	1	2.53788209	1						
5831	40	2041	0	2.535068989	1						
5519	14	705	0	2.516162634	1						
5412	59	2969	0	2.510733843	1						
5332	122	6109	0	2.510418415	1						
5519	186	9312	0	2.509638071	1						
5909	66	3334	0	2.508809805	1						
5703	27	1380	0	2.507289886	1						
5506	7	368	0	2.504292727	1						
5772	4	245	3	2.502025604	1						
5360	0	45	0	2.497141361	1						
5783	49	2493	0	2.492344379	1						
5364	170	8537	0	2.491183758	1						
5397	89	4465	1	2.489942551	1						
5433	125	6252	0	2.488841534	1						
5499	49	2466	2	2.486952782	1						
5497	109	5457	1	2.481197357	1						
5724	3	173	1	2.480677605	1						
5498	18	915	0	2.475374937	1						
5515	105	5263	2	2.475274801	1						
5333	54	2729	1	2.47212863	1						
5515	178	8904	0	2.469136	1						
5331	29	1465	2	2.46732378	1						
5437	31	1580	0	2.459483624	1						
5384	157	7888	1	2.458737373	1						
5157	8	411	2	2.454344034	1						
5470	29	1488	0	2.45352602	1						
5937	9	499	0	2.441669464	1						
5593	14	727	1	2.437216282	1						
5412	34	1709	0	2.435399532	1						
5777	16	807	1	2.428971767	1						
5382	93	4676	0	2.427035093	1						
5384	135	6767	1	2.421756029	1						
5808	52	2608	0	2.420567274	1						
5326	49	2475	0	2.412085533	1						
5532	54	2714	0	2.411841869	1						
5130	60	3015	0	2.411593914	1						